MCI
1.nii 263.6038513183594 263.6038513183594 152.7750120162964
10.nii 329.5048522949219 329.5048522949219 152.7750120162964
11.nii 263.6038513183594 263.6038513183594 152.7750120162964
12.nii 263.6038513183594 263.6038513183594 152.7750120162964
13.nii 263.6038513183594 263.6038513183594 152.7750120162964
14.nii 329.5048522949219 329.5048522949219 152.7750120162964
15.nii 263.6038513183594 263.6038513183594 152.7750120162964
16.nii 271.7044372558594 271.7044372558594 158.625
17.nii 271.7044372558594 271.7044372558594 158.625
18.nii 271.7044372558594 271.7044372558594 158.625
19.nii 271.7044372558594 271.7044372558594 158.625
2.nii 263.6038513183594 263.6038513183594 152.39574766159058
20.nii 271.7044372558594 271.7044372558594 158.625
21.nii 271.7044372558594 271.7044372558594 158.625
22.nii 271.7044372558594 271.7044372558594 158.625
23.nii 271.7044372558594 271.7044372558594 158.625
24.nii 271.7044372558594 271.7044372558594 158.625
25.nii 271.7044372558594 271.7044372558594 158.625
3.nii 263.6038513183594 263.6038513183594 152.7750120162964
4.nii 263.6038513183594 263.6038513183594 152.7750120162964
5.nii 263.6038513183594 263.6038513183594 152.7750120162964
6.nii 263.6038513183594 263.6038513183594 152.7750120162964
7.nii 263.6038513183594 263.6038513183594 152.7750120162964
8.nii 263.6038513183594 263.6038513183594 152.7750120162964
9.nii 263.6038513183594 263.6038513183594 152.7750120162964

NC
1.nii 263.6038513183594 263.6038513183594 152.7750120162964
10.nii 263.6038513183594 263.6038513183594 152.7750120162964
11.nii 263.6038513183594 263.6038513183594 152.7750120162964
12.nii 263.6038513183594 263.6038513183594 152.7750120162964
13.nii 263.6038513183594 263.6038513183594 152.7750120162964
14.nii 263.6038513183594 263.6038513183594 152.7750120162964
15.nii 263.6038513183594 263.6038513183594 152.7750120162964
16.nii 256.0 256.0 153.68999910354614
17.nii 341.267183303833 341.267183303833 162.0
18.nii 341.2672119140625 341.2672119140625 162.0
19.nii 341.366397857666 341.366397857666 164.0
2.nii 263.6038513183594 263.6038513183594 152.7750120162964
20.nii 341.366397857666 341.366397857666 162.0
21.nii 256.0 256.0 178.33023369312286
22.nii 312.0 312.0 252.28125
23.nii 312.0 312.0 252.28125
24.nii 312.0 312.0 252.28125
25.nii 407.2840213775635 407.2840213775635 220.94299459457397
3.nii 329.4981689453125 329.4981689453125 158.625
4.nii 329.4981689453125 329.4981689453125 158.625
5.nii 329.4981689453125 329.4981689453125 158.625
6.nii 263.5985107421875 263.5985107421875 158.625
7.nii 263.5985107421875 263.5985107421875 158.625
8.nii 329.4981689453125 329.4981689453125 158.625
9.nii 263.6038513183594 263.6038513183594 152.7750120162964

Test
64.nii 263.6038513183594 263.6038513183594 152.7750120162964
1.nii 263.6038513183594 263.6038513183594 152.7750120162964
65.nii 263.6038513183594 263.6038513183594 152.7750120162964
10.nii 263.6038513183594 263.6038513183594 152.7750120162964
66.nii 263.6038513183594 263.6038513183594 152.7750120162964
100.nii 256.0 256.0 176.0
67.nii 263.6038513183594 263.6038513183594 152.7750120162964
11.nii 263.6038513183594 263.6038513183594 152.7750120162964
69.nii 263.6038513183594 263.6038513183594 152.7750120162964
12.nii 263.6038513183594 263.6038513183594 152.7750120162964
68.nii 263.6038513183594 263.6038513183594 152.7750120162964
13.nii 263.6038513183594 263.6038513183594 152.7750120162964
7.nii 263.6038513183594 263.6038513183594 152.7750120162964
14.nii 263.6038513183594 263.6038513183594 152.7750120162964
70.nii 263.6038513183594 263.6038513183594 152.7750120162964
15.nii 263.6038513183594 263.6038513183594 152.7750120162964
80.nii 263.5985107421875 263.5985107421875 158.625
16.nii 263.6038513183594 263.6038513183594 152.7750120162964
81.nii 263.5985107421875 263.5985107421875 158.625
17.nii 329.4981689453125 329.4981689453125 158.625
82.nii 263.5985107421875 263.5985107421875 158.625
18.nii 263.6038513183594 263.6038513183594 152.7750120162964
83.nii 263.5985107421875 263.5985107421875 158.625
19.nii 329.4981689453125 329.4981689453125 158.625
84.nii 263.5985107421875 263.5985107421875 158.625
2.nii 263.6038513183594 263.6038513183594 152.7750120162964
85.nii 527.197021484375 527.197021484375 158.625
20.nii 263.6038513183594 263.6038513183594 152.7750120162964
86.nii 263.5985107421875 263.5985107421875 158.625
21.nii 263.6038513183594 263.6038513183594 152.7750120162964
87.nii 263.5985107421875 263.5985107421875 158.625
22.nii 263.6038513183594 263.6038513183594 152.7750120162964
88.nii 263.5985107421875 263.5985107421875 158.625
23.nii 329.5048522949219 329.5048522949219 152.7750120162964
89.nii 263.6038513183594 263.6038513183594 152.7750120162964
24.nii 263.6038513183594 263.6038513183594 152.7750120162964
9.nii 263.6038513183594 263.6038513183594 152.7750120162964
25.nii 329.5048522949219 329.5048522949219 152.7750120162964
90.nii 256.0 256.0 254.33116149902344
26.nii 263.6038513183594 263.6038513183594 152.7750120162964
91.nii 256.0 256.0 254.33116149902344
27.nii 263.5985107421875 263.5985107421875 158.625
92.nii 256.0 256.0 254.33116149902344
28.nii 263.6038513183594 263.6038513183594 152.7750120162964
93.nii 256.0 256.0 254.33116149902344
29.nii 263.6038513183594 263.6038513183594 152.7750120162964
94.nii 263.6038513183594 263.6038513183594 152.7750120162964
3.nii 263.6038513183594 263.6038513183594 152.7750120162964
95.nii 256.0 256.0 254.33116149902344
30.nii 263.5985107421875 263.5985107421875 158.625
96.nii 256.0 256.0 254.33116149902344
31.nii 263.6038513183594 263.6038513183594 152.7750120162964
97.nii 263.6038513183594 263.6038513183594 152.7750120162964
32.nii 263.5985107421875 263.5985107421875 158.625
98.nii 256.0 256.0 178.0
33.nii 263.6038513183594 263.6038513183594 152.7750120162964
99.nii 256.0 256.0 178.0
34.nii 263.5985107421875 263.5985107421875 158.625
35.nii 263.5985107421875 263.5985107421875 158.625
36.nii 263.6038513183594 263.6038513183594 152.7750120162964
37.nii 263.6038513183594 263.6038513183594 152.7750120162964
38.nii 527.197021484375 527.197021484375 158.625
39.nii 263.6038513183594 263.6038513183594 152.7750120162964
4.nii 263.6038513183594 263.6038513183594 152.7750120162964
40.nii 263.5985107421875 263.5985107421875 158.625
41.nii 263.6038513183594 263.6038513183594 152.7750120162964
42.nii 263.6038513183594 263.6038513183594 152.7750120162964
43.nii 263.6038513183594 263.6038513183594 152.7750120162964
44.nii 263.6038513183594 263.6038513183594 152.7750120162964
45.nii 263.6038513183594 263.6038513183594 152.7750120162964
46.nii 263.6038513183594 263.6038513183594 152.7750120162964
47.nii 263.6038513183594 263.6038513183594 152.7750120162964
48.nii 329.4981689453125 329.4981689453125 158.625
49.nii 263.6038513183594 263.6038513183594 152.7750120162964
5.nii 263.6038513183594 263.6038513183594 152.7750120162964
50.nii 263.6038513183594 263.6038513183594 152.7750120162964
51.nii 263.6038513183594 263.6038513183594 152.7750120162964
52.nii 263.6038513183594 263.6038513183594 152.7750120162964
53.nii 263.6038513183594 263.6038513183594 152.7750120162964
54.nii 263.6038513183594 263.6038513183594 152.7750120162964
55.nii 263.6038513183594 263.6038513183594 152.7750120162964
56.nii 263.6038513183594 263.6038513183594 152.7750120162964
57.nii 263.6038513183594 263.6038513183594 152.7750120162964
58.nii 263.6038513183594 263.6038513183594 152.7750120162964
59.nii 263.6038513183594 263.6038513183594 152.7750120162964
6.nii 263.6038513183594 263.6038513183594 152.7750120162964
60.nii 263.6038513183594 263.6038513183594 152.7750120162964
61.nii 263.6038513183594 263.6038513183594 152.7750120162964
62.nii 263.6038513183594 263.6038513183594 152.7750120162964
63.nii 263.6038513183594 263.6038513183594 152.7750120162964
71.nii 263.6038513183594 263.6038513183594 152.7750120162964
72.nii 263.6038513183594 263.6038513183594 152.7750120162964
73.nii 263.6038513183594 263.6038513183594 152.7750120162964
74.nii 263.5985107421875 263.5985107421875 158.625
75.nii 263.6038513183594 263.6038513183594 152.7750120162964
76.nii 329.5048522949219 329.5048522949219 152.7750120162964
77.nii 329.5048522949219 329.5048522949219 152.7750120162964
78.nii 263.5985107421875 263.5985107421875 158.625
79.nii 263.5985107421875 263.5985107421875 158.625
8.nii 263.6038513183594 263.6038513183594 152.7750120162964